{
 "cells": [
  {
   "cell_type": "code",
   "execution_count": 1,
   "metadata": {
    "collapsed": true
   },
   "outputs": [],
   "source": [
    "%matplotlib inline"
   ]
  },
  {
   "cell_type": "code",
   "execution_count": 9,
   "metadata": {
    "collapsed": true
   },
   "outputs": [],
   "source": [
    "import i3assist as i3\n",
    "from mpl_toolkits.basemap import Basemap\n",
    "import matplotlib.pyplot as plt\n",
    "import numpy as np"
   ]
  },
  {
   "cell_type": "code",
   "execution_count": 4,
   "metadata": {
    "collapsed": false
   },
   "outputs": [
    {
     "data": {
      "text/plain": [
       "110"
      ]
     },
     "execution_count": 4,
     "metadata": {},
     "output_type": "execute_result"
    }
   ],
   "source": [
    "# The GridSearch class holds a list of Euler objects\n",
    "# describing the local orientations searched in eulerFG*\n",
    "# scripts and by the MRASRCH parameter\n",
    "# gs - grid search\n",
    "gs = i3.GridSearch(theta_max=9., theta_step=3., psi_max=6., psi_step=3., do_180=False)\n",
    "len(gs) # Let's you know how many angles you will be searching using these parameters."
   ]
  },
  {
   "cell_type": "code",
   "execution_count": 5,
   "metadata": {
    "collapsed": false
   },
   "outputs": [
    {
     "name": "stdout",
     "output_type": "stream",
     "text": [
      "Phi: 0.000000 Theta: 0.000000 Psi: 0.000000\n",
      "Another way to print it:  0.000000  0.000000  0.000000\n",
      "Normalized inverse:   0.000000  0.000000  0.000000\n",
      "Inverse rotation:   0.000000  0.000000  0.000000\n",
      "Rotation matrix:   1.000000  0.000000  0.000000 -0.000000  1.000000  0.000000  0.000000 -0.000000  1.000000\n",
      "\n",
      "\n",
      "Phi: 0.000000 Theta: 0.000000 Psi: 1.000000\n",
      "Another way to print it:  0.000000  0.000000  1.000000\n",
      "Normalized inverse:   0.000000  0.000000  1.000000\n",
      "Inverse rotation:   0.000000  0.000000  1.000000\n",
      "Rotation matrix:   0.999848  0.017452  0.000000 -0.017452  0.999848  0.000000  0.000000 -0.000000  1.000000\n",
      "\n",
      "\n",
      "Phi: 0.000000 Theta: 0.000000 Psi: -1.000000\n",
      "Another way to print it:  0.000000  0.000000 -1.000000\n",
      "Normalized inverse:   0.000000  0.000000 -1.000000\n",
      "Inverse rotation:   0.000000  0.000000 -1.000000\n",
      "Rotation matrix:   0.999848 -0.017452 -0.000000  0.017452  0.999848  0.000000  0.000000 -0.000000  1.000000\n",
      "\n",
      "\n",
      "Phi: 0.000000 Theta: 0.000000 Psi: 2.000000\n",
      "Another way to print it:  0.000000  0.000000  2.000000\n",
      "Normalized inverse:   0.000000  0.000000  2.000000\n",
      "Inverse rotation:   0.000000  0.000000  2.000000\n",
      "Rotation matrix:   0.999391  0.034899  0.000000 -0.034899  0.999391  0.000000  0.000000 -0.000000  1.000000\n",
      "\n",
      "\n",
      "Phi: 0.000000 Theta: 0.000000 Psi: -2.000000\n",
      "Another way to print it:  0.000000  0.000000 -2.000000\n",
      "Normalized inverse:   0.000000  0.000000 -2.000000\n",
      "Inverse rotation:   0.000000  0.000000 -2.000000\n",
      "Rotation matrix:   0.999391 -0.034899 -0.000000  0.034899  0.999391  0.000000  0.000000 -0.000000  1.000000\n",
      "\n",
      "\n",
      "Phi: 0.000000 Theta: 1.000000 Psi: -0.000000\n",
      "Another way to print it:  0.000000  1.000000 -0.000000\n",
      "Normalized inverse:   0.000000  1.000000 -0.000000\n",
      "Inverse rotation:   0.000000  1.000000 -0.000000\n",
      "Rotation matrix:   1.000000  0.000000 -0.000000  0.000000  0.999848  0.017452  0.000000 -0.017452  0.999848\n",
      "\n",
      "\n",
      "Phi: 0.000000 Theta: 1.000000 Psi: 1.000000\n",
      "Another way to print it:  0.000000  1.000000  1.000000\n",
      "Normalized inverse:   0.000000  1.000000  1.000000\n",
      "Inverse rotation:   0.000000  1.000000  1.000000\n",
      "Rotation matrix:   0.999848  0.017450  0.000305 -0.017452  0.999695  0.017450  0.000000 -0.017452  0.999848\n",
      "\n",
      "\n",
      "Phi: 0.000000 Theta: 1.000000 Psi: -1.000000\n",
      "Another way to print it:  0.000000  1.000000 -1.000000\n",
      "Normalized inverse:   0.000000  1.000000 -1.000000\n",
      "Inverse rotation:   0.000000  1.000000 -1.000000\n",
      "Rotation matrix:   0.999848 -0.017450 -0.000305  0.017452  0.999695  0.017450  0.000000 -0.017452  0.999848\n",
      "\n",
      "\n",
      "Phi: 0.000000 Theta: 1.000000 Psi: 2.000000\n",
      "Another way to print it:  0.000000  1.000000  2.000000\n",
      "Normalized inverse:   0.000000  1.000000  2.000000\n",
      "Inverse rotation:   0.000000  1.000000  2.000000\n",
      "Rotation matrix:   0.999391  0.034894  0.000609 -0.034899  0.999239  0.017442  0.000000 -0.017452  0.999848\n",
      "\n",
      "\n",
      "Phi: 0.000000 Theta: 1.000000 Psi: -2.000000\n",
      "Another way to print it:  0.000000  1.000000 -2.000000\n",
      "Normalized inverse:   0.000000  1.000000 -2.000000\n",
      "Inverse rotation:   0.000000  1.000000 -2.000000\n",
      "Rotation matrix:   0.999391 -0.034894 -0.000609  0.034899  0.999239  0.017442  0.000000 -0.017452  0.999848\n",
      "\n",
      "\n",
      "Phi: 90.000000 Theta: 1.000000 Psi: -90.000000\n",
      "Another way to print it:  90.000000  1.000000 -90.000000\n",
      "Normalized inverse:   90.000000  1.000000 -90.000000\n",
      "Inverse rotation:   90.000000  1.000000 -90.000000\n",
      "Rotation matrix:   0.999848  0.000000 -0.017452  0.000000  1.000000  0.000000  0.017452 -0.000000  0.999848\n",
      "\n",
      "\n",
      "Phi: 90.000000 Theta: 1.000000 Psi: -89.000000\n",
      "Another way to print it:  90.000000  1.000000 -89.000000\n",
      "Normalized inverse:   90.000000  1.000000 -89.000000\n",
      "Inverse rotation:   90.000000  1.000000 -89.000000\n",
      "Rotation matrix:   0.999695  0.017452 -0.017450 -0.017450  0.999848  0.000305  0.017452 -0.000000  0.999848\n",
      "\n",
      "\n",
      "Phi: 90.000000 Theta: 1.000000 Psi: -91.000000\n",
      "Another way to print it:  90.000000  1.000000 -91.000000\n",
      "Normalized inverse:   90.000000  1.000000 -91.000000\n",
      "Inverse rotation:   90.000000  1.000000 -91.000000\n",
      "Rotation matrix:   0.999695 -0.017452 -0.017450  0.017450  0.999848 -0.000305  0.017452 -0.000000  0.999848\n",
      "\n",
      "\n",
      "Phi: 90.000000 Theta: 1.000000 Psi: -88.000000\n",
      "Another way to print it:  90.000000  1.000000 -88.000000\n",
      "Normalized inverse:   90.000000  1.000000 -88.000000\n",
      "Inverse rotation:   90.000000  1.000000 -88.000000\n",
      "Rotation matrix:   0.999239  0.034899 -0.017442 -0.034894  0.999391  0.000609  0.017452 -0.000000  0.999848\n",
      "\n",
      "\n",
      "Phi: 90.000000 Theta: 1.000000 Psi: -92.000000\n",
      "Another way to print it:  90.000000  1.000000 -92.000000\n",
      "Normalized inverse:   90.000000  1.000000 -92.000000\n",
      "Inverse rotation:   90.000000  1.000000 -92.000000\n",
      "Rotation matrix:   0.999239 -0.034899 -0.017442  0.034894  0.999391 -0.000609  0.017452 -0.000000  0.999848\n",
      "\n",
      "\n",
      "Phi: 180.000000 Theta: 1.000000 Psi: -180.000000\n",
      "Another way to print it:  180.000000  1.000000 -180.000000\n",
      "Normalized inverse:   180.000000  1.000000 -180.000000\n",
      "Inverse rotation:   180.000000  1.000000 -180.000000\n",
      "Rotation matrix:   1.000000 -0.000000 -0.000000 -0.000000  0.999848 -0.017452  0.000000  0.017452  0.999848\n",
      "\n",
      "\n",
      "Phi: 180.000000 Theta: 1.000000 Psi: -179.000000\n",
      "Another way to print it:  180.000000  1.000000 -179.000000\n",
      "Normalized inverse:   180.000000  1.000000 -179.000000\n",
      "Inverse rotation:   180.000000  1.000000 -179.000000\n",
      "Rotation matrix:   0.999848  0.017450 -0.000305 -0.017452  0.999695 -0.017450  0.000000  0.017452  0.999848\n",
      "\n",
      "\n",
      "Phi: 180.000000 Theta: 1.000000 Psi: -181.000000\n",
      "Another way to print it:  180.000000  1.000000 -181.000000\n",
      "Normalized inverse:   180.000000  1.000000 -181.000000\n",
      "Inverse rotation:   180.000000  1.000000 -181.000000\n",
      "Rotation matrix:   0.999848 -0.017450  0.000305  0.017452  0.999695 -0.017450  0.000000  0.017452  0.999848\n",
      "\n",
      "\n",
      "Phi: 180.000000 Theta: 1.000000 Psi: -178.000000\n",
      "Another way to print it:  180.000000  1.000000 -178.000000\n",
      "Normalized inverse:   180.000000  1.000000 -178.000000\n",
      "Inverse rotation:   180.000000  1.000000 -178.000000\n",
      "Rotation matrix:   0.999391  0.034894 -0.000609 -0.034899  0.999239 -0.017442  0.000000  0.017452  0.999848\n",
      "\n",
      "\n",
      "Phi: 180.000000 Theta: 1.000000 Psi: -182.000000\n",
      "Another way to print it:  180.000000  1.000000 -182.000000\n",
      "Normalized inverse:   180.000000  1.000000 -182.000000\n",
      "Inverse rotation:   180.000000  1.000000 -182.000000\n",
      "Rotation matrix:   0.999391 -0.034894  0.000609  0.034899  0.999239 -0.017442  0.000000  0.017452  0.999848\n",
      "\n",
      "\n",
      "Phi: 270.000000 Theta: 1.000000 Psi: 90.000000\n",
      "Another way to print it:  270.000000  1.000000  90.000000\n",
      "Normalized inverse:   270.000000  1.000000  90.000000\n",
      "Inverse rotation:   270.000000  1.000000  90.000000\n",
      "Rotation matrix:   0.999848 -0.000000  0.017452  0.000000  1.000000 -0.000000 -0.017452  0.000000  0.999848\n",
      "\n",
      "\n",
      "Phi: 270.000000 Theta: 1.000000 Psi: 91.000000\n",
      "Another way to print it:  270.000000  1.000000  91.000000\n",
      "Normalized inverse:   270.000000  1.000000  91.000000\n",
      "Inverse rotation:   270.000000  1.000000  91.000000\n",
      "Rotation matrix:   0.999695  0.017452  0.017450 -0.017450  0.999848 -0.000305 -0.017452  0.000000  0.999848\n",
      "\n",
      "\n",
      "Phi: 270.000000 Theta: 1.000000 Psi: 89.000000\n",
      "Another way to print it:  270.000000  1.000000  89.000000\n",
      "Normalized inverse:   270.000000  1.000000  89.000000\n",
      "Inverse rotation:   270.000000  1.000000  89.000000\n",
      "Rotation matrix:   0.999695 -0.017452  0.017450  0.017450  0.999848  0.000305 -0.017452  0.000000  0.999848\n",
      "\n",
      "\n",
      "Phi: 270.000000 Theta: 1.000000 Psi: 92.000000\n",
      "Another way to print it:  270.000000  1.000000  92.000000\n",
      "Normalized inverse:   270.000000  1.000000  92.000000\n",
      "Inverse rotation:   270.000000  1.000000  92.000000\n",
      "Rotation matrix:   0.999239  0.034899  0.017442 -0.034894  0.999391 -0.000609 -0.017452  0.000000  0.999848\n",
      "\n",
      "\n",
      "Phi: 270.000000 Theta: 1.000000 Psi: 88.000000\n",
      "Another way to print it:  270.000000  1.000000  88.000000\n",
      "Normalized inverse:   270.000000  1.000000  88.000000\n",
      "Inverse rotation:   270.000000  1.000000  88.000000\n",
      "Rotation matrix:   0.999239 -0.034899  0.017442  0.034894  0.999391  0.000609 -0.017452  0.000000  0.999848\n",
      "\n",
      "\n",
      "Phi: 0.000000 Theta: 2.000000 Psi: -0.000000\n",
      "Another way to print it:  0.000000  2.000000 -0.000000\n",
      "Normalized inverse:   0.000000  2.000000 -0.000000\n",
      "Inverse rotation:   0.000000  2.000000 -0.000000\n",
      "Rotation matrix:   1.000000  0.000000 -0.000000  0.000000  0.999391  0.034899  0.000000 -0.034899  0.999391\n",
      "\n",
      "\n",
      "Phi: 0.000000 Theta: 2.000000 Psi: 1.000000\n",
      "Another way to print it:  0.000000  2.000000  1.000000\n",
      "Normalized inverse:   0.000000  2.000000  1.000000\n",
      "Inverse rotation:   0.000000  2.000000  1.000000\n",
      "Rotation matrix:   0.999848  0.017442  0.000609 -0.017452  0.999239  0.034894  0.000000 -0.034899  0.999391\n",
      "\n",
      "\n",
      "Phi: 0.000000 Theta: 2.000000 Psi: -1.000000\n",
      "Another way to print it:  0.000000  2.000000 -1.000000\n",
      "Normalized inverse:   0.000000  2.000000 -1.000000\n",
      "Inverse rotation:   0.000000  2.000000 -1.000000\n",
      "Rotation matrix:   0.999848 -0.017442 -0.000609  0.017452  0.999239  0.034894  0.000000 -0.034899  0.999391\n",
      "\n",
      "\n",
      "Phi: 0.000000 Theta: 2.000000 Psi: 2.000000\n",
      "Another way to print it:  0.000000  2.000000  2.000000\n",
      "Normalized inverse:   0.000000  2.000000  2.000000\n",
      "Inverse rotation:   0.000000  2.000000  2.000000\n",
      "Rotation matrix:   0.999391  0.034878  0.001218 -0.034899  0.998782  0.034878  0.000000 -0.034899  0.999391\n",
      "\n",
      "\n",
      "Phi: 0.000000 Theta: 2.000000 Psi: -2.000000\n",
      "Another way to print it:  0.000000  2.000000 -2.000000\n",
      "Normalized inverse:   0.000000  2.000000 -2.000000\n",
      "Inverse rotation:   0.000000  2.000000 -2.000000\n",
      "Rotation matrix:   0.999391 -0.034878 -0.001218  0.034899  0.998782  0.034878  0.000000 -0.034899  0.999391\n",
      "\n",
      "\n",
      "Phi: 51.428571 Theta: 2.000000 Psi: -51.445589\n",
      "Another way to print it:  51.428571  2.000000 -51.445589\n",
      "Normalized inverse:   51.428571  2.000000 -51.445589\n",
      "Inverse rotation:   51.428571  2.000000 -51.445589\n",
      "Rotation matrix:   0.999628  0.000000 -0.027292  0.000594  0.999763  0.021751  0.027286 -0.021759  0.999391\n",
      "\n",
      "\n",
      "Phi: 51.428571 Theta: 2.000000 Psi: -50.445589\n",
      "Another way to print it:  51.428571  2.000000 -50.445589\n",
      "Normalized inverse:   51.428571  2.000000 -50.445589\n",
      "Inverse rotation:   51.428571  2.000000 -50.445589\n",
      "Rotation matrix:   0.999486  0.017448 -0.026908 -0.016852  0.999611  0.022224  0.027286 -0.021759  0.999391\n",
      "\n",
      "\n",
      "Phi: 51.428571 Theta: 2.000000 Psi: -52.445589\n",
      "Another way to print it:  51.428571  2.000000 -52.445589\n",
      "Normalized inverse:   51.428571  2.000000 -52.445589\n",
      "Inverse rotation:   51.428571  2.000000 -52.445589\n",
      "Rotation matrix:   0.999465 -0.017448 -0.027667  0.018040  0.999611  0.021272  0.027286 -0.021759  0.999391\n",
      "\n",
      "\n",
      "Phi: 51.428571 Theta: 2.000000 Psi: -49.445589\n",
      "Another way to print it:  51.428571  2.000000 -49.445589\n",
      "Normalized inverse:   51.428571  2.000000 -49.445589\n",
      "Inverse rotation:   51.428571  2.000000 -49.445589\n",
      "Rotation matrix:   0.999039  0.034891 -0.026516 -0.034293  0.999154  0.022691  0.027286 -0.021759  0.999391\n",
      "\n",
      "\n",
      "Phi: 51.428571 Theta: 2.000000 Psi: -53.445589\n",
      "Another way to print it:  51.428571  2.000000 -53.445589\n",
      "Normalized inverse:   51.428571  2.000000 -53.445589\n",
      "Inverse rotation:   51.428571  2.000000 -53.445589\n",
      "Rotation matrix:   0.998998 -0.034891 -0.028034  0.035480  0.999154  0.020786  0.027286 -0.021759  0.999391\n",
      "\n",
      "\n",
      "Phi: 102.857143 Theta: 2.000000 Psi: -102.849571\n",
      "Another way to print it:  102.857143  2.000000 -102.849571\n",
      "Normalized inverse:   102.857143  2.000000 -102.849571\n",
      "Inverse rotation:   102.857143  2.000000 -102.849571\n",
      "Rotation matrix:   0.999421  0.000000 -0.034026 -0.000264  0.999970 -0.007761  0.034024  0.007766  0.999391\n",
      "\n",
      "\n",
      "Phi: 102.857143 Theta: 2.000000 Psi: -101.849571\n",
      "Another way to print it:  102.857143  2.000000 -101.849571\n",
      "Normalized inverse:   102.857143  2.000000 -101.849571\n",
      "Inverse rotation:   102.857143  2.000000 -101.849571\n",
      "Rotation matrix:   0.999264  0.017452 -0.034156 -0.017706  0.999818 -0.007166  0.034024  0.007766  0.999391\n",
      "\n",
      "\n",
      "Phi: 102.857143 Theta: 2.000000 Psi: -103.849571\n",
      "Another way to print it:  102.857143  2.000000 -103.849571\n",
      "Normalized inverse:   102.857143  2.000000 -103.849571\n",
      "Inverse rotation:   102.857143  2.000000 -103.849571\n",
      "Rotation matrix:   0.999273 -0.017452 -0.033885  0.017178  0.999818 -0.008354  0.034024  0.007766  0.999391\n",
      "\n",
      "\n",
      "Phi: 102.857143 Theta: 2.000000 Psi: -100.849571\n",
      "Another way to print it:  102.857143  2.000000 -100.849571\n",
      "Normalized inverse:   102.857143  2.000000 -100.849571\n",
      "Inverse rotation:   102.857143  2.000000 -100.849571\n",
      "Rotation matrix:   0.998803  0.034898 -0.034276 -0.035143  0.999361 -0.006569  0.034024  0.007766  0.999391\n",
      "\n",
      "\n",
      "Phi: 102.857143 Theta: 2.000000 Psi: -104.849571\n",
      "Another way to print it:  102.857143  2.000000 -104.849571\n",
      "Normalized inverse:   102.857143  2.000000 -104.849571\n",
      "Inverse rotation:   102.857143  2.000000 -104.849571\n",
      "Rotation matrix:   0.998821 -0.034898 -0.033734  0.034615  0.999361 -0.008944  0.034024  0.007766  0.999391\n",
      "\n",
      "\n",
      "Phi: 154.285714 Theta: 2.000000 Psi: -154.272063\n",
      "Another way to print it:  154.285714  2.000000 -154.272063\n",
      "Normalized inverse:   154.285714  2.000000 -154.272063\n",
      "Inverse rotation:   154.285714  2.000000 -154.272063\n",
      "Rotation matrix:   0.999885 -0.000000 -0.015150 -0.000476  0.999506 -0.031440  0.015142  0.031443  0.999391\n",
      "\n",
      "\n",
      "Phi: 154.285714 Theta: 2.000000 Psi: -153.272063\n",
      "Another way to print it:  154.285714  2.000000 -153.272063\n",
      "Normalized inverse:   154.285714  2.000000 -153.272063\n",
      "Inverse rotation:   154.285714  2.000000 -153.272063\n",
      "Rotation matrix:   0.999725  0.017444 -0.015696 -0.017927  0.999353 -0.031171  0.015142  0.031443  0.999391\n",
      "\n",
      "\n",
      "Phi: 154.285714 Theta: 2.000000 Psi: -155.272063\n",
      "Another way to print it:  154.285714  2.000000 -155.272063\n",
      "Normalized inverse:   154.285714  2.000000 -155.272063\n",
      "Inverse rotation:   154.285714  2.000000 -155.272063\n",
      "Rotation matrix:   0.999741 -0.017444 -0.014599  0.016974  0.999353 -0.031699  0.015142  0.031443  0.999391\n",
      "\n",
      "\n",
      "Phi: 154.285714 Theta: 2.000000 Psi: -152.272063\n",
      "Another way to print it:  154.285714  2.000000 -152.272063\n",
      "Normalized inverse:   154.285714  2.000000 -152.272063\n",
      "Inverse rotation:   154.285714  2.000000 -152.272063\n",
      "Rotation matrix:   0.999260  0.034882 -0.016238 -0.035372  0.998897 -0.030892  0.015142  0.031443  0.999391\n",
      "\n",
      "\n",
      "Phi: 154.285714 Theta: 2.000000 Psi: -156.272063\n",
      "Another way to print it:  154.285714  2.000000 -156.272063\n",
      "Normalized inverse:   154.285714  2.000000 -156.272063\n",
      "Inverse rotation:   154.285714  2.000000 -156.272063\n",
      "Rotation matrix:   0.999293 -0.034882 -0.014043  0.034419  0.998897 -0.031949  0.015142  0.031443  0.999391\n",
      "\n",
      "\n",
      "Phi: 205.714286 Theta: 2.000000 Psi: 154.272063\n",
      "Another way to print it:  205.714286  2.000000  154.272063\n",
      "Normalized inverse:   205.714286  2.000000  154.272063\n",
      "Inverse rotation:   205.714286  2.000000  154.272063\n",
      "Rotation matrix:   0.999885 -0.000000  0.015150  0.000476  0.999506 -0.031440 -0.015142  0.031443  0.999391\n",
      "\n",
      "\n",
      "Phi: 205.714286 Theta: 2.000000 Psi: 155.272063\n",
      "Another way to print it:  205.714286  2.000000  155.272063\n",
      "Normalized inverse:   205.714286  2.000000  155.272063\n",
      "Inverse rotation:   205.714286  2.000000  155.272063\n",
      "Rotation matrix:   0.999741  0.017444  0.014599 -0.016974  0.999353 -0.031699 -0.015142  0.031443  0.999391\n",
      "\n",
      "\n",
      "Phi: 205.714286 Theta: 2.000000 Psi: 153.272063\n",
      "Another way to print it:  205.714286  2.000000  153.272063\n",
      "Normalized inverse:   205.714286  2.000000  153.272063\n",
      "Inverse rotation:   205.714286  2.000000  153.272063\n",
      "Rotation matrix:   0.999725 -0.017444  0.015696  0.017927  0.999353 -0.031171 -0.015142  0.031443  0.999391\n",
      "\n",
      "\n",
      "Phi: 205.714286 Theta: 2.000000 Psi: 156.272063\n",
      "Another way to print it:  205.714286  2.000000  156.272063\n",
      "Normalized inverse:   205.714286  2.000000  156.272063\n",
      "Inverse rotation:   205.714286  2.000000  156.272063\n",
      "Rotation matrix:   0.999293  0.034882  0.014043 -0.034419  0.998897 -0.031949 -0.015142  0.031443  0.999391\n",
      "\n",
      "\n",
      "Phi: 205.714286 Theta: 2.000000 Psi: 152.272063\n",
      "Another way to print it:  205.714286  2.000000  152.272063\n",
      "Normalized inverse:   205.714286  2.000000  152.272063\n",
      "Inverse rotation:   205.714286  2.000000  152.272063\n",
      "Rotation matrix:   0.999260 -0.034882  0.016238  0.035372  0.998897 -0.030892 -0.015142  0.031443  0.999391\n",
      "\n",
      "\n",
      "Phi: 257.142857 Theta: 2.000000 Psi: 102.849571\n",
      "Another way to print it:  257.142857  2.000000  102.849571\n",
      "Normalized inverse:   257.142857  2.000000  102.849571\n",
      "Inverse rotation:   257.142857  2.000000  102.849571\n",
      "Rotation matrix:   0.999421 -0.000000  0.034026  0.000264  0.999970 -0.007761 -0.034024  0.007766  0.999391\n",
      "\n",
      "\n",
      "Phi: 257.142857 Theta: 2.000000 Psi: 103.849571\n",
      "Another way to print it:  257.142857  2.000000  103.849571\n",
      "Normalized inverse:   257.142857  2.000000  103.849571\n",
      "Inverse rotation:   257.142857  2.000000  103.849571\n",
      "Rotation matrix:   0.999273  0.017452  0.033885 -0.017178  0.999818 -0.008354 -0.034024  0.007766  0.999391\n",
      "\n",
      "\n",
      "Phi: 257.142857 Theta: 2.000000 Psi: 101.849571\n",
      "Another way to print it:  257.142857  2.000000  101.849571\n",
      "Normalized inverse:   257.142857  2.000000  101.849571\n",
      "Inverse rotation:   257.142857  2.000000  101.849571\n",
      "Rotation matrix:   0.999264 -0.017452  0.034156  0.017706  0.999818 -0.007166 -0.034024  0.007766  0.999391\n",
      "\n",
      "\n",
      "Phi: 257.142857 Theta: 2.000000 Psi: 104.849571\n",
      "Another way to print it:  257.142857  2.000000  104.849571\n",
      "Normalized inverse:   257.142857  2.000000  104.849571\n",
      "Inverse rotation:   257.142857  2.000000  104.849571\n",
      "Rotation matrix:   0.998821  0.034898  0.033734 -0.034615  0.999361 -0.008944 -0.034024  0.007766  0.999391\n",
      "\n",
      "\n",
      "Phi: 257.142857 Theta: 2.000000 Psi: 100.849571\n",
      "Another way to print it:  257.142857  2.000000  100.849571\n",
      "Normalized inverse:   257.142857  2.000000  100.849571\n",
      "Inverse rotation:   257.142857  2.000000  100.849571\n",
      "Rotation matrix:   0.998803 -0.034898  0.034276  0.035143  0.999361 -0.006569 -0.034024  0.007766  0.999391\n",
      "\n",
      "\n",
      "Phi: 308.571429 Theta: 2.000000 Psi: 51.445589\n",
      "Another way to print it:  308.571429  2.000000  51.445589\n",
      "Normalized inverse:   308.571429  2.000000  51.445589\n",
      "Inverse rotation:   308.571429  2.000000  51.445589\n",
      "Rotation matrix:   0.999628  0.000000  0.027292 -0.000594  0.999763  0.021751 -0.027286 -0.021759  0.999391\n",
      "\n",
      "\n",
      "Phi: 308.571429 Theta: 2.000000 Psi: 52.445589\n",
      "Another way to print it:  308.571429  2.000000  52.445589\n",
      "Normalized inverse:   308.571429  2.000000  52.445589\n",
      "Inverse rotation:   308.571429  2.000000  52.445589\n",
      "Rotation matrix:   0.999465  0.017448  0.027667 -0.018040  0.999611  0.021272 -0.027286 -0.021759  0.999391\n",
      "\n",
      "\n",
      "Phi: 308.571429 Theta: 2.000000 Psi: 50.445589\n",
      "Another way to print it:  308.571429  2.000000  50.445589\n",
      "Normalized inverse:   308.571429  2.000000  50.445589\n",
      "Inverse rotation:   308.571429  2.000000  50.445589\n",
      "Rotation matrix:   0.999486 -0.017448  0.026908  0.016852  0.999611  0.022224 -0.027286 -0.021759  0.999391\n",
      "\n",
      "\n",
      "Phi: 308.571429 Theta: 2.000000 Psi: 53.445589\n",
      "Another way to print it:  308.571429  2.000000  53.445589\n",
      "Normalized inverse:   308.571429  2.000000  53.445589\n",
      "Inverse rotation:   308.571429  2.000000  53.445589\n",
      "Rotation matrix:   0.998998  0.034891  0.028034 -0.035480  0.999154  0.020786 -0.027286 -0.021759  0.999391\n",
      "\n",
      "\n",
      "Phi: 308.571429 Theta: 2.000000 Psi: 49.445589\n",
      "Another way to print it:  308.571429  2.000000  49.445589\n",
      "Normalized inverse:   308.571429  2.000000  49.445589\n",
      "Inverse rotation:   308.571429  2.000000  49.445589\n",
      "Rotation matrix:   0.999039 -0.034891  0.026516  0.034293  0.999154  0.022691 -0.027286 -0.021759  0.999391\n",
      "\n",
      "\n"
     ]
    }
   ],
   "source": [
    "# The GridSearch can be iterated over to see the individual euler angles.\n",
    "# Each of these can be manipulated; the individual components can be gotten;\n",
    "# and the rotations can be inverted and converted to the rotation matrix \n",
    "gs = i3.GridSearch(2., 1., 2., 1.) #Short hand version of above: tMax, tStep, pMax, pStep\n",
    "for euler in gs:\n",
    "    print(\"Phi: {:f}\".format(euler.phi), end=' ') # Get First Euler Angle\n",
    "    print(\"Theta: {:f}\".format(euler.theta), end=' ') # Get Second Euler Angle\n",
    "    print(\"Psi: {:f}\".format(euler.psi)) # Get Third Euler Angle\n",
    "    print(\"Another way to print it: {:s}\".format(str(euler))) # Euler objects pretty print by default\n",
    "    euler.normalize() # Makes Phi and Psi in the range [-180, 180], and theta in the range [0, 180] for old I3\n",
    "    print(\"Normalized inverse: \", euler)\n",
    "    invEuler = euler.copy() # All modifications to objects happen inplace so make copies\n",
    "    invEuler.invert() # Inverts the rotations\n",
    "    print(\"Inverse rotation: \", invEuler)\n",
    "    rotMat = euler.to_matrix() # Convert ZXZ euler angles to ZXZ rotation matrix\n",
    "    print(\"Rotation matrix: \", rotMat) # prints in a line like new I3 trf format\n",
    "    print(\"\"*80, end='\\n\\n')"
   ]
  },
  {
   "cell_type": "code",
   "execution_count": 8,
   "metadata": {
    "collapsed": false
   },
   "outputs": [
    {
     "ename": "NameError",
     "evalue": "name 'np' is not defined",
     "output_type": "error",
     "traceback": [
      "\u001b[0;31m---------------------------------------------------------------------------\u001b[0m",
      "\u001b[0;31mNameError\u001b[0m                                 Traceback (most recent call last)",
      "\u001b[0;32m<ipython-input-8-e674a8f667e4>\u001b[0m in \u001b[0;36m<module>\u001b[0;34m()\u001b[0m\n\u001b[1;32m     14\u001b[0m \u001b[0mm1\u001b[0m \u001b[0;34m=\u001b[0m \u001b[0mBasemap\u001b[0m\u001b[0;34m(\u001b[0m\u001b[0mprojection\u001b[0m\u001b[0;34m=\u001b[0m\u001b[0;34m'nplaea'\u001b[0m\u001b[0;34m,\u001b[0m \u001b[0mboundinglat\u001b[0m\u001b[0;34m=\u001b[0m\u001b[0;36m80\u001b[0m\u001b[0;34m,\u001b[0m \u001b[0mlon_0\u001b[0m\u001b[0;34m=\u001b[0m\u001b[0;36m0.\u001b[0m\u001b[0;34m,\u001b[0m\u001b[0mresolution\u001b[0m\u001b[0;34m=\u001b[0m\u001b[0;34m'l'\u001b[0m\u001b[0;34m,\u001b[0m \u001b[0max\u001b[0m\u001b[0;34m=\u001b[0m\u001b[0msp1\u001b[0m\u001b[0;34m)\u001b[0m\u001b[0;34m\u001b[0m\u001b[0m\n\u001b[1;32m     15\u001b[0m \u001b[0mm2\u001b[0m \u001b[0;34m=\u001b[0m \u001b[0mBasemap\u001b[0m\u001b[0;34m(\u001b[0m\u001b[0mprojection\u001b[0m\u001b[0;34m=\u001b[0m\u001b[0;34m'splaea'\u001b[0m\u001b[0;34m,\u001b[0m \u001b[0mboundinglat\u001b[0m\u001b[0;34m=\u001b[0m\u001b[0;34m-\u001b[0m\u001b[0;36m1\u001b[0m\u001b[0;34m,\u001b[0m \u001b[0mlon_0\u001b[0m\u001b[0;34m=\u001b[0m\u001b[0;36m270.\u001b[0m\u001b[0;34m,\u001b[0m \u001b[0mresolution\u001b[0m\u001b[0;34m=\u001b[0m\u001b[0;34m'l'\u001b[0m\u001b[0;34m,\u001b[0m \u001b[0max\u001b[0m\u001b[0;34m=\u001b[0m\u001b[0msp2\u001b[0m\u001b[0;34m)\u001b[0m\u001b[0;34m\u001b[0m\u001b[0m\n\u001b[0;32m---> 16\u001b[0;31m \u001b[0mm1\u001b[0m\u001b[0;34m.\u001b[0m\u001b[0mdrawparallels\u001b[0m\u001b[0;34m(\u001b[0m\u001b[0mnp\u001b[0m\u001b[0;34m.\u001b[0m\u001b[0marange\u001b[0m\u001b[0;34m(\u001b[0m\u001b[0;36m80.\u001b[0m\u001b[0;34m,\u001b[0m\u001b[0;36m90.\u001b[0m\u001b[0;34m,\u001b[0m\u001b[0;36m0.5\u001b[0m\u001b[0;34m)\u001b[0m\u001b[0;34m,\u001b[0m \u001b[0mlabels\u001b[0m\u001b[0;34m=\u001b[0m\u001b[0;34m[\u001b[0m\u001b[0;36m1\u001b[0m\u001b[0;34m,\u001b[0m\u001b[0;36m0\u001b[0m\u001b[0;34m,\u001b[0m\u001b[0;36m0\u001b[0m\u001b[0;34m,\u001b[0m\u001b[0;36m0\u001b[0m\u001b[0;34m]\u001b[0m\u001b[0;34m)\u001b[0m\u001b[0;34m\u001b[0m\u001b[0m\n\u001b[0m\u001b[1;32m     17\u001b[0m \u001b[0mm1\u001b[0m\u001b[0;34m.\u001b[0m\u001b[0mdrawmeridians\u001b[0m\u001b[0;34m(\u001b[0m\u001b[0mnp\u001b[0m\u001b[0;34m.\u001b[0m\u001b[0marange\u001b[0m\u001b[0;34m(\u001b[0m\u001b[0;34m-\u001b[0m\u001b[0;36m180.\u001b[0m\u001b[0;34m,\u001b[0m\u001b[0;36m181.\u001b[0m\u001b[0;34m,\u001b[0m\u001b[0;36m15.\u001b[0m\u001b[0;34m)\u001b[0m\u001b[0;34m,\u001b[0m \u001b[0mlabels\u001b[0m\u001b[0;34m=\u001b[0m\u001b[0;34m[\u001b[0m\u001b[0;36m0\u001b[0m\u001b[0;34m,\u001b[0m\u001b[0;36m1\u001b[0m\u001b[0;34m,\u001b[0m\u001b[0;36m1\u001b[0m\u001b[0;34m,\u001b[0m\u001b[0;36m0\u001b[0m\u001b[0;34m]\u001b[0m\u001b[0;34m)\u001b[0m\u001b[0;34m\u001b[0m\u001b[0m\n\u001b[1;32m     18\u001b[0m \u001b[0mm2\u001b[0m\u001b[0;34m.\u001b[0m\u001b[0mdrawparallels\u001b[0m\u001b[0;34m(\u001b[0m\u001b[0mnp\u001b[0m\u001b[0;34m.\u001b[0m\u001b[0marange\u001b[0m\u001b[0;34m(\u001b[0m\u001b[0;34m-\u001b[0m\u001b[0;36m60.\u001b[0m\u001b[0;34m,\u001b[0m\u001b[0;36m90.\u001b[0m\u001b[0;34m,\u001b[0m\u001b[0;36m15.\u001b[0m\u001b[0;34m)\u001b[0m\u001b[0;34m,\u001b[0m \u001b[0mlabels\u001b[0m\u001b[0;34m=\u001b[0m\u001b[0;34m[\u001b[0m\u001b[0;36m0\u001b[0m\u001b[0;34m,\u001b[0m\u001b[0;36m1\u001b[0m\u001b[0;34m,\u001b[0m\u001b[0;36m0\u001b[0m\u001b[0;34m,\u001b[0m\u001b[0;36m0\u001b[0m\u001b[0;34m]\u001b[0m\u001b[0;34m)\u001b[0m\u001b[0;34m\u001b[0m\u001b[0m\n",
      "\u001b[0;31mNameError\u001b[0m: name 'np' is not defined"
     ]
    },
    {
     "data": {
